nodeforce35 = [
    3,   5,   7,  13,  17,  19,  24,  25,  28,  32,  33,  38,  46,  47,  54,  55,...
    63,  67,  75,  78,  80,  87,  88,  90,  95,  98, 105, 114, 116, 122, 123, 127,...
    131, 135, 140, 142, 160, 169, 176, 180, 194, 196, 198, 202, 206, 208, 228, 232,...
    242, 257, 265, 268, 289, 290, 308, 335, 336, 366, 406, 409, 414, 419, 431, 440,...
    462, 463, 471, 479, 485, 499, 507, 508, 531, 535, 557, 561, 579, 583, 585, 586,...
    591, 616, 617, 633, 656, 658, 686, 731, 764, 776, 778, 805, 809, 820, 827, 856,...
    866, 872, 894, 909, 919, 922, 947, 948, 979, 57, 129, 150, 172, 188, 212, 227,...
    236, 246, 277, 314, 340, 360, 380, 422, 441, 503, 521, 528, 548, 565, 574, 638,...
    650, 676, 693, 699, 700, 720, 726, 740, 783, 785, 786, 801, 834, 854, 862, 902,...
    937, 956, 973, 72, 107, 109, 115, 157, 239, 285, 344, 369, 374, 413, 424, 450,...
    597, 612, 649, 660, 691, 703, 704, 730, 742, 759, 774, 793, 823, 824, 863, 879,...
    888, 897, 910, 939, 963, 965, 103, 111, 248, 256, 283, 306, 318, 320, 352, 370,...
    404, 417, 445, 464, 487, 504, 509, 515, 525, 529, 530, 532, 537, 576, 599, 643,...
    663, 674, 760, 767, 784, 832, 871, 893, 941, 957
    ];
